1628
4 5357 5121 8148 2589
4 6404 5913 5583 6255
4 421 6584 9906 1737
4 8785 3629 3987 7529
4 7710 2094 5231 6735
4 4386 998 9487 2584
4 5796 8197 2395 6655
4 1756 8754 7923 6312
4 2861 6632 9612 7704
4 59 8873 7569 7444
4 5515 5905 2489 1729
4 7262 1248 7549 4848
4 8452 8407 8437 820
4 7796 9004 604 398
4 6459 9354 8733 9529
4 7064 1524 9213 5886
4 8603 8189 5416 8479
4 6839 4574 3904 9483
4 4449 4318 7108 453
4 5744 9383 1423 3626
4 4100 6823 370 7792
4 4233 4004 2545 6476
4 9620 4644 1287 1396
4 3697 5570 2061 2155
4 9131 8284 4041 4036
4 5427 7168 4863 2222
4 973 9765 7100 1561
4 847 6668 4147 1492
4 3015 9618 2843 2687
4 9247 2752 2598 4631
4 3135 7936 5989 9128
4 5363 2096 3715 8854
4 44 8775 461 1677
4 2117 3295 948 8004
4 3505 2935 3825 3420
4 2932 4194 5592 7525
4 8287 3273 8591 5616
4 1385 2246 2331 1388
4 6640 6756 6639 2212
4 2345 8991 8911 714
4 5918 8119 8384 9813
4 674 7863 5526 8320
4 1556 1081 9959 6762
4 5090 5083 7368 281
4 666 8814 8689 2459
4 4695 864 6613 9256
4 5251 5001 3484 1115
4 1114 7577 7819 2196
4 6196 110 9888 4473
4 9818 2475 4106 7939
4 683 4670 5052 132
4 3942 5211 7369 4916
4 3149 2723 9965 962
4 8585 752 936 2499
4 2819 3566 2968 7834
4 7515 7101 6240 1101
4 8777 4685 7198 684
4 876 2922 3176 2728
4 8240 6170 3457 1830
4 8837 4957 7950 5048
4 8392 8641 7290 7927
4 7208 8338 4808 1004
4 371 2115 2141 5651
4 8636 1214 1707 3940
4 9267 3437 63 9894
4 5791 839 9019 3463
4 5602 3272 5945 1491
4 9614 2064 1734 1013
4 3656 7409 4788 2558
4 4090 4961 7201 4405
4 7259 1233 9295 4917
4 3678 8063 7937 3047
4 2548 6677 336 2124
4 3024 3647 7896 4983
4 3765 2727 1851 7595
4 7945 71 6252 4430
4 1071 8152 4509 7313
4 3302 2070 4702 976
4 4579 3792 6495 8639
4 3795 5295 5046 6702
4 9986 9433 443 2008
4 5042 6168 1210 6782
4 384 7540 8058 9129
4 7104 5101 854 82
4 7135 1450 5773 5772
4 1164 2274 9307 6550
4 2080 3896 4240 7202
4 5214 4167 818 5713
4 1341 1353 1146 9527
4 3499 3096 1934 7516
4 5653 7825 9568 594
4 49 4964 7961 3607
4 4886 6927 5310 9690
4 6381 4235 7305 2228
4 6176 636 8322 213
4 6107 8851 1671 7543
4 8612 3072 9305 6935
4 7757 4925 3309 8010
4 4135 8553 7 4874
4 5982 3228 4322 8485
4 2964 4490 7464 4406
4 7136 1418 8745 4185
4 8608 1160 3689 1955
4 887 2456 2962 9
4 3293 2535 7083 1203
4 1988 6957 7088 7145
4 7551 7359 1936 9525
4 9866 9119 2340 9552
4 4940 8116 1812 2686
4 5625 9063 954 2481
4 9795 5163 8250 3686
4 4141 4655 1322 7326
4 5383 1094 4131 7231
4 47 5006 8375 2293
4 5219 4475 4847 2736
4 7579 1711 5494 3844
4 3114 1050 4959 7583
4 8465 8332 8193 4637
4 2259 4074 6129 3357
4 3042 6611 7715 4561
4 3142 2342 201 5873
4 766 120 1568 2060
4 1713 7032 1049 4102
4 1742 1946 7725 6134
4 5652 9917 2213 4657
4 9539 7079 3451 727
4 532 4402 1724 723
4 8803 3648 8626 6547
4 9263 3542 9532 8736
4 1895 3672 7148 6558
4 4112 6913 6178 9196
4 2759 62 5686 7447
4 8387 9151 7648 2982
4 9235 5777 2642 4320
4 4374 328 1340 3155
4 7196 2323 8115 9747
4 3519 6534 7308 6580
4 3196 8026 992 3708
4 859 6882 2652 3106
4 9946 6571 3170 9106
4 1591 8644 850 2045
4 2726 7703 18 2308
4 4076 58 2862 5729
4 3337 7451 5845 6537
4 4619 9900 4995 3475
4 5904 3781 2544 1383
4 8767 8478 7851 1433
4 5172 4139 7814 676
4 4638 9289 8036 8601
4 4912 9283 4150 403
4 9966 1136 9713 7316
4 1621 3775 8506 3583
4 586 7166 8997 8397
4 2085 8138 3757 3593
4 2749 5931 1509 2023
4 9344 7494 5366 9374
4 9576 3889 6147 3062
4 6038 9302 5081 9542
4 2828 333 6567 7643
4 3257 5209 7545 6171
4 774 8187 8079 2870
4 4550 9873 9856 2985
4 2628 4044 687 9559
4 5156 8186 8233 3842
4 1763 3913 2814 5609
4 4244 8430 4137 3869
4 2795 6342 4480 2123
4 3112 654 4390 103
4 3376 7922 8721 8267
4 4058 8947 6985 780
4 7862 8849 2718 9243
4 2300 745 6050 7944
4 9275 4551 9528 3899
4 6467 7700 7385 7445
4 8865 4690 4867 9340
4 2036 4837 778 8242
4 3840 3526 8509 6481
4 8259 11 8346 2282
4 446 8286 9443 2160
4 7673 8367 9320 4498
4 8616 6359 9605 8047
4 2305 9779 6989 65
4 1839 463 6777 4516
4 2267 8200 5324 6994
4 5540 4572 593 8839
4 8094 8701 5600 9921
4 245 3126 2944 1845
4 2243 6300 3632 3253
4 2313 8614 8563 6123
4 5096 3485 5136 7953
4 8101 9732 6 9252
4 1552 1085 7522 6602
4 8167 5359 7726 7119
4 7267 7008 7212 2572
4 9514 9511 4951 6316
4 3950 9366 9426 8834
4 4284 8003 5683 60
4 5854 7050 5665 3002
4 373 264 3083 1510
4 2920 706 5891 7209
4 4902 2994 1965 7026
4 1767 7415 1231 9365
4 3745 8253 8702 2817
4 6842 9691 3089 2674
4 9784 1996 1975 9722
4 3618 2573 1427 3834
4 7466 1359 2203 3443
4 6060 3229 9806 9111
4 8348 4351 4259 9778
4 177 1001 5919 1372
4 9942 3368 4965 1861
4 5622 4352 1743 5488
4 7756 717 2941 2952
4 4151 5236 1998 332
4 7920 4600 522 7671
4 1096 2619 8811 4367
4 6582 3379 1701 9962
4 6638 7647 2112 67
4 8697 2009 1883 5909
4 1357 6738 6329 9649
4 1817 5864 4582 5962
4 6313 9124 5793 1787
4 2364 2802 8040 4977
4 1336 1800 6426 7439
4 2571 5492 5544 3356
4 6363 5149 6377 7911
4 251 2905 8056 5308
4 565 1202 6192 296
4 709 2162 9751 6956
4 6477 7981 3223 4870
4 8477 9930 3473 7153
4 2647 9585 7934 9546
4 2351 9853 8168 5028
4 8199 8751 3511 8835
4 9123 5991 7391 1820
4 9154 1523 214 924
4 257 1344 9629 2575
4 645 8163 171 5332
4 7629 5970 9341 6914
4 1976 6226 5074 321
4 2536 8529 4415 3308
4 2095 1740 1673 877
4 4884 2509 278 8449
4 6415 738 8915 3167
4 7330 8658 9550 773
4 9325 7824 3496 4293
4 4134 6336 8183 2245
4 4357 9566 9363 2043
4 4477 8470 1505 8895
4 7489 5239 767 4711
4 3214 875 5131 2776
4 5593 7677 9250 3022
4 188 634 8418 1249
4 2957 4532 1061 1508
4 4557 1200 7253 6188
4 6666 9569 8779 6144
4 8501 8866 750 6198
4 8923 301 6627 9968
4 1717 6309 631 4222
4 5330 4706 7603 4727
4 9974 9166 2612 9078
4 5244 5835 5375 9419
4 5518 7412 3830 1708
4 5733 6389 7613 915
4 6297 1351 1487 8651
4 7057 7250 1364 4960
4 1564 8431 8297 7344
4 9545 4527 1037 3087
4 3730 9689 1178 9952
4 3750 902 1476 8453
4 4331 9718 197 8990
4 4696 4607 4871 8487
4 3120 7699 9746 7524
4 5529 5610 5823 7861
4 5758 5808 2809 6616
4 791 2089 1714 5720
4 1522 6483 3 4565
4 1747 1526 995 7149
4 7210 9271 9464 7972
4 3579 8579 4161 2055
4 4717 8468 2937 1393
4 96 9748 8659 385
4 2265 1889 6662 1912
4 3655 283 7436 9626
4 5728 297 2927 8607
4 6042 1636 5553 4292
4 9397 9849 3278 1429
4 55 407 1484 3137
4 6273 3905 912 8677
4 6419 3673 7443 9843
4 3845 8932 7978 7319
4 8548 8940 6110 7302
4 797 5849 6444 1810
4 6742 7696 1648 6320
4 8625 6028 3769 5155
4 3306 5563 5197 5875
4 6410 3557 4617 7536
4 9572 9797 4491 9695
4 3978 5548 4038 8707
4 8132 8172 7759 85
4 9048 7748 4439 2368
4 7155 5941 5839 3791
4 7567 5476 1073 3808
4 730 5948 6938 3271
4 1948 4043 4524 3028
4 4649 7296 4200 2185
4 1228 9121 6965 6498
4 2486 2566 1587 3969
4 3870 2585 5547 3997
4 4079 172 1833 1152
4 6384 1684 6578 2912
4 8671 211 3728 9265
4 4861 688 1720 7870
4 6058 8931 7118 1261
4 6769 3892 8524 3107
4 2353 3258 5803 6757
4 3001 4179 2221 9507
4 6747 3508 9908 1483
4 3857 8964 56 464
4 3944 3674 9871 520
4 5170 1827 2939 1040
4 6010 8670 884 7255
4 432 2488 3375 1571
4 1140 8956 4307 3050
4 2000 263 3736 1154
4 3367 4474 6540 3248
4 8204 2732 1253 5017
4 836 5118 4521 1224
4 1853 6583 7617 8673
4 7880 142 6146 9597
4 9755 2766 8750 9984
4 4469 1726 1430 4361
4 5203 8692 9961 5207
4 6012 7618 5785 5503
4 6981 2798 7130 6364
4 7095 9880 1923 9741
4 7103 7218 3885 9599
4 8442 3746 1712 846
4 8683 6856 6526 7499
4 513 4883 2716 6715
4 1378 556 3877 529
4 1821 2600 1117 5378
4 2877 8929 559 1361
4 3518 5325 6296 7823
4 6370 139 7558 1765
4 8722 7610 6231 1570
4 1681 4522 8715 145
4 3037 5441 1010 7983
4 3561 7463 5579 8578
4 5174 8606 4604 6605
4 1542 6932 7740 8617
4 3362 451 1116 9907
4 4786 2295 5341 3276
4 9359 6645 9197 8059
4 137 4663 7346 6721
4 2627 7375 6133 1620
4 5902 1589 5899 5705
4 8328 7215 7238 1963
4 5278 735 1642 5007
4 5462 1015 4975 6306
4 6367 4055 7777 6220
4 8874 3853 9214 7542
4 2592 4559 4671 2007
4 7678 1704 8044 5056
4 8466 6577 1718 3544
4 8637 8342 10 8516
4 916 5627 5649 5998
4 3055 9450 2127 931
4 6656 7839 1825 7526
4 7041 6731 6703 9471
4 7178 8537 6102 7363
4 9769 9246 9390 480
4 17 2879 9350 4933
4 174 289 8527 8239
4 970 7151 5710 9425
4 4668 3134 8258 3029
4 4946 642 6266 9776
4 760 9182 8650 1234
4 5250 396 926 6396
4 9014 3828 3891 9895
4 844 2516 5794 8363
4 2106 3239 2887 3516
4 4731 2309 7752 5013
4 5151 2811 2872 28
4 5446 8652 6623 3480
4 9092 7954 4859 8293
4 208 4496 489 7318
4 525 253 4650 7152
4 923 1723 8247 3104
4 1122 4716 117 2407
4 1601 9799 2091 9594
4 5271 2484 178 7382
4 6752 2804 3540 7888
4 8714 2590 3608 5815
4 9168 9161 7413 1632
4 1197 6514 5020 4452
4 2165 9879 5981 1205
4 6205 8161 9499 7778
4 7624 4230 362 9530
4 164 7454 9588 4412
4 4093 4703 5094 4555
4 2649 9490 8123 4990
4 7518 6870 6155 8833
4 8081 4865 87 5513
4 4627 3677 9414 1819
4 5574 5824 4089 4573
4 6052 1735 9286 206
4 6451 3914 9580 5559
4 8824 4992 628 2999
4 3691 8653 4170 5061
4 4126 7310 1856 2565
4 6149 4375 8198 7692
4 2555 9637 9523 8907
4 2848 9135 3527 1866
4 6680 8954 7841 1847
4 7204 5879 5058 9761
4 2836 4875 151 9407
4 3932 9238 9221 7013
4 9719 9382 2854 8134
4 656 3692 5418 540
4 2125 290 9852 6827
4 6157 4774 4792 5487
4 6215 597 5389 1260
4 7278 4773 3906 1595
4 8305 4997 8434 2428
4 8609 6522 6208 7230
4 900 8423 6557 3132
4 1876 3973 2765 3895
4 6036 8035 6685 3839
4 1943 9276 6528 2401
4 6193 1332 124 5044
4 6256 1609 4187 4814
4 1159 4771 2320 3422
4 1464 5865 9828 6800
4 2538 849 1562 7426
4 590 6834 834 7406
4 1056 9456 4857 7734
4 1311 3498 4478 6673
4 2226 6053 210 4506
4 6350 9602 648 2783
4 2697 3749 4363 5035
4 6531 5551 3802 4054
4 1129 9675 6111 7475
4 3092 589 8684 4064
4 6152 7105 909 2400
4 7764 3558 7512 9241
4 307 1445 6784 7875
4 1877 8150 5530 6289
4 1994 3654 9165 4381
4 6206 4467 1282 1535
4 6443 7361 9988 236
4 6741 6659 2375 8019
4 6984 3760 6794 1922
4 53 7594 5644 4661
4 1874 3188 2190 9376
4 1888 5633 5255 534
4 2705 3567 4766 404
4 3573 6676 33 2461
4 4725 2983 4442 8176
4 6228 7689 1199 898
4 8967 4639 4989 6076
4 3980 9836 5556 471
4 4611 5856 6421 7662
4 1884 9326 3793 2129
4 5371 4656 4124 5954
4 7884 8333 4091 8938
4 9714 9726 3299 7914
4 9730 6649 7356 7090
4 2490 8032 8425 2254
4 3297 4926 8861 6596
4 4592 5920 1406 1598
4 4636 3595 9173 7592
4 4692 8712 5166 5724
4 6628 7374 1837 8210
4 6651 9684 5355 2260
4 7219 7419 1952 7990
4 7993 4511 4026 2381
4 9864 5457 622 433
4 2020 9143 6326 1023
4 2241 8894 5489 6366
4 6849 1440 6490 7683
4 7286 7037 3352 5671
4 7659 9971 2389 9896
4 3912 5467 6436 6446
4 3924 5756 1090 6733
4 4066 3945 5522 4953
4 5235 1047 6492 4907
4 5517 2006 6264 960
4 9976 8222 1471 6778
4 3531 4495 1533 5813
4 3553 3718 9361 9734
4 4904 5939 3704 2398
4 6365 4228 3991 6903
4 7003 3882 6017 1584
4 7074 9703 7731 6016
4 9016 2907 170 2806
4 4410 8889 4359 9561
4 5916 8432 9429 3020
4 6380 6466 1339 6988
4 6976 7186 1347 1422
4 7733 8822 7943 2081
4 8241 147 7821 6681
4 9650 2120 3244 9848
4 9922 9091 4708 9210
4 358 9635 7530 5615
4 1467 6576 9667 7432
4 2457 456 9549 32
4 5474 5461 359 8597
4 5205 8876 1908 8153
4 9220 7956 4340 1751
4 9368 7534 4208 313
4 9453 7175 4011 2025
4 4879 3985 9192 3121
4 5336 7768 4790 7386
4 5898 7384 1822 8376
4 689 6015 5380 6857
4 6361 5901 1021 7220
4 146 6243 947 5085
4 3323 804 1106 5240
4 4720 5776 512 2875
4 5178 8648 1886 2874
4 9468 5896 8196 3371
4 2462 4949 8667 9122
4 3145 7785 6960 620
4 5086 9036 2601 7424
4 7818 6229 8137 5106
4 9043 1512 2337 6340
4 737 9187 9891 6022
4 3582 9996 6637 6248
4 3617 7116 4057 8325
4 5869 1750 7010 3681
4 7249 9096 3559 4202
4 8043 7917 8898 8276
4 1529 5832 1640 8238
4 8823 6724 3136 3339
4 8845 8810 3412 4640
4 9072 8679 2924 3564
4 150 5657 1321 3075
4 1930 5730 198 7674
4 3153 439 8863 9631
4 3983 5208 611 5531
4 6585 2746 4777 635
4 8299 7729 2134 8746
4 39 7397 514 9062
4 835 9584 4286 3966
4 6202 1036 8517 6291
4 9222 5947 9038 2891
4 2191 9995 7170 6203
4 4823 6844 7991 7770
4 7596 4092 5451 3226
4 7966 5024 3641 1157
4 8682 1100 5181 7557
4 9802 3203 3841 5763
4 711 6705 9198 2772
4 1507 6184 9868 9299
4 3129 9987 1179 5157
4 4704 8519 8930 2277
4 7480 1279 2713 3322
4 9183 8696 7430 3517
4 9606 3347 6160 3330
4 45 9540 5040 7970
4 149 8632 5482 9418
4 678 3031 5994 4052
4 1761 1980 8801 3428
4 3011 8264 5584 5047
4 3811 234 6565 1569
4 4016 2412 6351 2956
4 4887 4215 6700 2024
4 5908 6197 8642 8037
4 7221 8828 9978 2495
4 7809 1939 708 4116
4 300 2506 8160 2167
4 1256 6008 5719 9920
4 2148 9459 8454 8133
4 2343 6890 1044 9328
4 2707 9633 825 9573
4 6574 1381 6112 2198
4 6873 608 8143 5164
4 7876 4456 1768 3370
4 0 2074 3724 6263
4 1382 3657 6093 2578
4 3694 6280 2702 5173
4 4465 9431 8263 2367
4 4514 9337 465 6430
4 5566 9583 9201 7984
3 6811 5449 9855
3 7964 8413 5168
3 2278 136 431
3 2467 6719 1843
3 8562 2954 6161
3 2672 3563 4796
3 4335 7425 8766
3 5277 7633 1318
3 6553 1411 9083
3 8027 8752 5082
3 8908 9486 97
3 9752 4689 8663
3 1174 6959 7631
3 4659 7614 4742
3 6726 5860 9656
3 6942 6246 204
3 7975 9721 9820
3 1181 6034 7555
3 3818 3596 8006
3 6648 3052 3939
3 8711 4030 8815
3 9068 5362 9935
3 541 956 7663
3 1593 355 4245
3 3127 6148 3822
3 5721 615 8576
3 7727 9944 4787
3 562 7960 5212
3 2062 4238 6818
3 5836 5817 889
3 7509 848 1616
3 7521 4188 70
3 1668 6963 3887
3 1840 8215 2297
3 3894 5198 7850
3 4419 467 4206
3 5536 4801 6137
3 6478 6275 5751
3 7500 4942 8864
3 2296 1961 6471
3 5496 4451 1220
3 8202 413 4000
3 968 2207 4783
3 1400 1012 2388
3 3105 462 978
3 4958 2137 1409
3 6713 270 8919
3 7877 8568 5245
3 8139 9538 2437
3 8336 4279 31
3 2159 2741 7471
3 2329 1744 2661
3 5872 885 6964
3 6051 1590 4399
3 6864 8804 3235
3 7751 2033 5191
3 8031 4047 6835
3 8977 6887 726
3 240 2232 2632
3 530 1426 500
3 919 1330 7881
3 955 1694 3543
3 3004 2786 7724
3 3809 4504 1959
3 3972 2059 7423
3 4858 1538 5950
3 4943 2399 2977
3 5368 1869 1778
3 9269 2694 7554
3 131 4877 6809
3 430 3060 9114
3 1062 6698 2604
3 3311 8435 6302
3 3926 2102 4301
3 5606 4502 2514
3 7924 477 3364
3 8089 1453 9332
3 9028 8401 6450
3 9519 8859 1546
3 9600 9065 6824
3 9716 9394 7410
3 9768 8353 2881
3 372 4554 860
3 2193 8180 6746
3 2762 8093 502
3 2949 8737 7461
3 4046 3875 1796
3 6097 6664 8383
3 7995 7859 4501
3 9446 2072 183
3 9699 2950 2953
3 9767 802 5199
3 673 3161 644
3 1259 13 6352
3 3956 2328 5881
3 4534 7743 4747
3 5986 24 7906
3 6003 8447 4688
3 6761 5059 9993
3 9086 1475 7094
3 1519 459 6121
3 3212 602 2898
3 3590 8426 6944
3 4221 7387 5882
3 4798 2799 40
3 7407 4069 7697
3 7457 9398 7314
3 1649 3280 6925
3 2595 2837 2596
3 4104 457 1807
3 8252 9413 8326
3 37 8498 5422
3 86 2002 2358
3 3344 6311 9015
3 4387 6353 152
3 4635 9578 6563
3 5666 6463 6328
3 5732 2169 2608
3 5752 2533 7800
3 7895 8067 4596
3 9075 7812 9678
3 1983 739 4434
3 4839 7252 4400
3 7586 842 487
3 458 7357 2028
3 756 8398 1755
3 4248 5676 6005
3 4358 2668 4767
3 4595 5631 3651
3 5897 4811 7532
3 6972 4001 9651
3 7320 9251 2149
3 7362 393 9137
3 8314 6332 2215
3 8900 6962 4298
3 9009 9709 2210
3 335 953 5146
3 2144 639 4662
3 2903 7602 3123
3 3141 2859 1650
3 3951 1536 4291
3 6915 5895 3246
3 7206 168 896
3 9035 840 6357
3 9047 1891 4097
3 9094 5850 293
3 221 2264 9838
3 392 1461 6189
3 801 4249 3233
3 1371 6175 9526
3 2610 2785 6315
3 3021 3012 5043
3 4339 4982 4155
3 6506 23 4880
3 8486 1502 6952
3 9215 4826 395
3 9564 7742 7395
3 1161 3665 3761
3 1678 9280 3789
3 1688 1953 1080
3 2892 6993 5829
3 4994 5019 4031
3 5066 6699 8629
3 5628 5980 8543
3 6127 7309 7581
3 6448 6822 511
3 7078 2683 2685
3 7889 7959 6479
3 9659 8097 725
3 2469 4099 9149
3 4736 6452 7813
3 5233 8952 4537
3 6232 1951 6130
3 1009 76 3263
3 2307 1514 5400
3 5125 4694 8028
3 7632 8950 193
3 7694 1194 3743
3 8438 5863 568
3 78 1606 343
3 325 9223 8022
3 402 5237 1618
3 2101 3332 7024
3 3318 9488 2205
3 4488 4898 9859
3 4549 6846 34
3 5128 2582 7969
3 6725 3578 7803
3 9595 5959 8256
3 229 4723 7666
3 613 3806 649
3 1043 388 5175
3 4567 576 2531
3 5558 7826 9543
3 6473 3587 9338
3 9489 3621 793
3 68 3902 1167
3 5190 9957 6922
3 7971 2629 8897
3 8643 305 9887
3 9227 9294 1898
3 1165 3281 6590
3 1377 4969 1184
3 1979 7065 4578
3 2242 5736 1369
3 2472 8903 6046
3 3555 2929 949
3 3679 7868 579
3 3903 6118 7828
3 4855 9274 5443
3 7994 8978 4653
3 20 4447 6244
3 252 3930 1586
3 640 6104 9458
3 1270 6132 3515
3 1892 3355 9157
3 3698 7761 1031
3 5731 3274 4605
3 6225 5397 4144
3 7132 7176 2422
3 9892 4217 3504
3 153 545 5714
3 2164 2294 3146
3 2304 7036 7496
3 2669 1110 3482
3 3396 4564 2634
3 3509 8382 4750
3 5951 3125 4856
3 8571 6740 2143
3 9475 1793 2442
3 57 1480 7315
3 346 1452 288
3 740 4538 4398
3 4078 7634 9333
3 4173 101 8393
3 4267 5401 5098
3 6095 3748 3407
3 6674 4095 1516
3 414 1027 2235
3 1549 3261 9551
3 2019 9524 4679
3 2432 1504 5171
3 2527 6078 2046
3 3581 4892 5182
3 4246 4981 4713
3 4922 3265 8166
3 5161 5641 4196
3 7713 1806 2303
3 7951 1084 675
3 8212 9744 2781
3 83 1201 4311
3 937 6125 9877
3 1276 8753 4328
3 1416 9234 94
3 3449 1638 3547
3 5026 6600 6671
3 5346 3873 2824
3 6210 2852 6405
3 6544 225 3147
3 7565 6356 5769
3 7804 7460 8021
3 8206 2105 6270
3 8456 9710 9313
3 8821 8084 4804
3 8986 4489 8316
3 9830 4314 3097
3 554 6517 1835
3 868 6595 2335
3 1286 845 5041
3 2751 6831 3570
3 3838 9660 6774
3 7194 6494 8289
3 16 3300 7197
3 444 6002 6920
3 2529 6630 6304
3 3431 2240 2136
3 3773 6245 6697
3 5200 6510 7048
3 5387 1271 7815
3 7236 2173 9181
3 7653 9711 4176
3 8229 2554 1192
3 8675 1574 7721
3 9105 893 6693
3 982 1627 7622
3 1032 1127 7150
3 1118 3078 1296
3 1250 4914 8201
3 1527 2237 6569
3 1532 1985 9941
3 2047 6294 5442
3 3174 6213 5373
3 3911 6068 9073
3 5672 8756 7190
3 6258 9624 8593
3 7018 8645 9810
3 7490 9022 5077
3 7963 9759 9692
3 8277 365 9745
3 8440 3824 9260
3 8965 4598 4678
3 9496 7665 9611
3 1986 2712 8321
3 3316 6744 1783
3 4623 2754 8729
3 4841 1212 9655
3 6612 9261 3381
3 6828 4482 2068
3 7559 7600 6739
3 8355 7788 1415
3 9680 6090 7134
3 9958 6852 4149
3 499 9085 9858
3 2671 160 8177
3 3513 8665 4407
3 3880 5471 7043
3 4935 1313 7907
3 5834 9613 8654
3 8179 7980 2466
3 8727 5511 1935
3 858 1639 7085
3 3099 6323 8539
3 3747 6227 5812
3 4164 5523 4558
3 4775 1978 2234
3 8918 828 8987
3 9002 3038 4255
3 30 6417 8808
3 115 2570 9844
3 5097 7117 6727
3 6604 3506 3209
3 7237 7273 2386
3 7418 2793 3353
3 7957 2216 7786
3 8235 7127 1653
3 8981 7744 8618
3 9272 643 2946
3 123 9927 1754
3 185 796 1848
3 1058 3927 516
3 2402 618 9603
3 4562 5370 6126
3 7849 621 3580
3 8567 3721 6398
3 9985 3849 4193
3 1132 9329 8994
3 1669 1172 2220
3 1865 2883 3884
3 4156 7899 8773
3 5831 7329 5460
3 6766 6805 1209
3 6851 5134 9179
3 8108 6529 930
3 8472 9100 8573
3 4197 4337 8388
3 4325 4172 5944
3 4546 3933 9162
3 4840 6669 7616
3 6472 669 9679
3 6899 219 1208
3 7247 2480 1131
3 8340 5972 719
3 8806 2390 3424
3 9771 8732 4312
3 473 3124 2184
3 1288 7014 4553
3 2333 4818 4308
3 2591 9999 3753
3 3615 8759 753
3 3883 8086 3965
3 5505 7229 1993
3 6223 8411 9502
3 6524 9134 9534
3 6711 3783 9003
3 7693 1699 5848
3 7805 8853 8996
3 8129 8461 3213
3 8372 757 8776
3 8572 4403 5294
3 8734 1494 6064
3 899 2549 6414
3 1266 4344 2376
3 1774 7684 3491
3 2911 2199 4628
3 5323 7233 862
3 8640 7121 7371
3 22 5064 7541
3 143 348 419
3 1137 1235 1781
3 1849 5663 6432
3 2730 9670 1716
3 3324 6629 4746
3 3664 3442 3539
3 3878 2406 3947
3 5140 316 4599
3 5189 2711 5621
3 5613 2722 8941
3 5702 9901 9582
3 5800 7123 6180
3 6560 4833 4428
3 6990 1624 2951
3 7275 558 6636
3 9013 6096 9346
3 9948 3846 5398
3 1086 4807 4996
3 3439 1495 8309
3 5276 4613 3862
3 6803 3782 2012
3 7491 376 9770
3 417 9533 3438
3 906 4621 9159
3 2453 1403 550
3 3402 691 2750
3 5268 5481 4487
3 6063 5825 509
3 6581 5643 6023
3 7686 7669 2577
3 7931 9860 1665
3 9029 4394 3893
3 381 6158 990
3 1170 8049 4369
3 1488 2268 7946
3 1656 5770 3812
3 2016 3131 2087
3 2289 2356 9356
3 2417 491 2564
3 4136 9194 1099
3 4918 218 5598
3 5234 3334 9724
3 5426 4894 1987
3 5903 1949 1138
3 6035 6983 7546
3 7510 1188 6541
3 8716 7706 8709
3 9008 4211 3327
3 9230 4669 3744
3 159 7388 287
3 472 934 7019
3 1093 5966 9754
3 2444 8464 6233
3 2621 6331 3866
3 2775 7298 651
3 3817 2281 9553
3 3888 8789 7502
3 4630 5379 9491
3 5246 9663 2987
3 5253 8793 4392
3 6261 4693 6654
3 6520 5132 4906
3 7400 616 186
3 133 8493 8960
3 217 8165 977
3 279 9423 9846
3 1404 3262 249
3 1814 3536 983
3 1867 7556 9156
3 2334 7903 7675
3 2731 8870 7758
3 4094 356 342
3 4910 1305 9140
3 6373 1221 2201
3 6953 5594 610
3 8633 6614 8273
3 1801 3401 347
3 1836 5577 3827
3 2065 8638 6484
3 3312 425 3941
3 3584 4950 415
3 4088 4175 4939
3 4479 1928 5340
3 4932 8726 2179
3 5313 1292 3445
3 5391 6647 5167
3 5586 8875 2541
3 5917 6242 6812
3 7501 5343 2382
3 7925 437 872
3 9535 1277 4254
3 9575 2326 7664
3 401 1841 5192
3 1646 6897 5413
3 1899 9400 6814
3 1904 5206 258
3 5104 2035 9819
3 6586 304 4468
3 7110 1683 3929
3 7898 1331 2841
3 9200 291 7163
3 89 4143 3922
3 2464 4508 7177
3 2947 7672 7289
3 3076 9205 733
3 3085 5599 7399
3 3216 3059 6499
3 3411 5122 6799
3 4529 5611 3821
3 4544 8395 241
3 7695 6409 4518
3 8694 1227 5718
3 9882 7741 5958
3 144 2560 7307
3 163 9367 441
3 292 4163 4355
3 771 7795 4214
3 827 9617 7096
3 1130 2835 8502
3 1299 6917 9209
3 3017 2011 8525
3 3521 2410 199
3 3807 2418 2166
3 5345 4032 4435
3 6259 9570 508
3 6770 7835 6958
3 7902 9232 3798
3 8015 1818 8584
3 8268 1376 7479
3 8842 2900 5514
3 8934 7915 7092
3 207 6128 7087
3 894 8061 5329
3 1120 5573 8970
3 1469 3917 7799
3 1870 5578 9876
3 2022 2463 2567
3 2050 8282 1654
3 2057 4891 6833
3 2990 4461 4226
3 3115 1685 4290
3 6307 7075 7434
3 6497 2451 2805
3 6973 2500 1029
3 7608 8374 8068
3 9089 5952 3178
3 157 7060 256
3 3313 5483 6387
3 3610 7878 5550
3 4646 173 1111
3 4842 2563 819
3 4882 9555 8955
2 5429 383
2 5804 5410
2 7223 1147
2 7274 1958
2 7553 5725
2 7962 8412
2 9785 2227
2 728 5745
2 865 424
2 3186 8731
2 3541 4634
2 4948 935
2 6301 4714
2 6425 4986
2 7216 1323
2 7544 9822
2 7640 8780
2 7642 6407
2 8298 9590
2 8409 3466
2 8886 6796
2 9152 3394
2 9225 8877
2 108 5833
2 1652 789
2 1971 9158
2 2288 1611
2 3006 3727
2 4789 5213
2 5060 2086
2 5254 2318
2 6513 7069
2 6904 2689
2 8534 9647
2 9406 5073
2 9863 5741
2 784 703
2 867 5783
2 1809 1230
2 2163 5658
2 2239 1063
2 3425 5045
2 5424 8857
2 5534 1917
2 5612 633
2 6087 4770
2 7948 8310
2 8141 1180
2 8740 4632
2 9172 8868
2 9870 1700
2 9885 7140
2 226 5771
2 378 800
2 769 3247
2 1479 3156
2 1563 203
2 1615 1335
2 1661 958
2 2344 2271
2 2435 1705
2 3208 1696
2 3712 5409
2 4791 2942
2 5510 2586
2 6620 8564
2 7091 2384
2 7349 1909
2 128 9189
2 189 9070
2 2152 1119
2 4726 1634
2 6253 1196
2 6748 693
2 7333 3784
2 7365 782
2 7441 7667
2 8103 6411
2 8771 9954
2 9314 9380
2 9862 1135
2 349 1868
2 1788 6429
2 2470 5694
2 4709 2373
2 5183 3860
2 5316 6971
2 6692 4224
2 6701 4376
2 7459 7938
2 7580 7832
2 8064 2550
2 8347 9297
2 361 4273
2 831 5067
2 863 7340
2 1284 9812
2 1679 9717
2 1799 2803
2 2878 7228
2 3859 6434
2 3949 5361
2 5148 200
2 6279 8535
2 6456 2825
2 6457 8872
2 8080 8491
2 8379 8992
2 8686 483
2 9323 682
2 9737 2676
2 4 7578
2 280 6119
2 405 811
2 1105 4822
2 1732 1728
2 2483 4979
2 2498 803
2 5779 5820
2 6843 1731
2 7507 9686
2 7807 4633
2 7965 6720
2 8406 5883
2 9372 7712
2 227 5100
2 268 1559
2 922 4371
2 1046 1074
2 1133 9701
2 2324 2311
2 2378 3639
2 2579 9644
2 2789 795
2 3787 7606
2 4330 5983
2 4664 8311
2 4675 4758
2 4734 5844
2 5051 7261
2 5699 7416
2 6085 6265
2 7251 9102
2 7753 2715
2 8410 5158
2 8784 5470
2 8985 9218
2 9807 3292
2 318 7852
2 662 3705
2 1553 156
2 2405 2884
2 3386 1329
2 3389 3205
2 4107 1918
2 5356 5399
2 5977 4356
2 6500 9742
2 6635 6391
2 7791 2503
2 8523 5227
2 8791 2602
2 9604 7588
2 9636 3754
2 741 5957
2 794 111
2 2030 4577
2 2508 4220
2 3199 6643
2 3385 8142
2 4425 2889
2 5005 574
2 5177 5754
2 5327 4571
2 6371 6841
2 7322 3819
2 8164 435
2 8602 7281
2 9148 2485
2 9186 746
2 9557 6480
2 9632 8500
2 409 2808
2 1534 3799
2 1992 179
2 3008 9436
2 3756 1517
2 4810 184
2 5187 2996
2 5266 8725
2 5885 984
2 6254 7584
2 6420 3191
2 7627 4651
2 7820 482
2 7992 1206
2 8136 9451
2 9342 2873
2 9773 4048
2 69 2706
2 148 3777
2 195 3267
2 821 7864
2 917 8786
2 1045 6862
2 1439 8728
2 1554 5262
2 1897 7730
2 1969 6187
2 2747 7514
2 2934 4453
2 3225 4232
2 3794 493
2 3935 9609
2 4323 5229
2 4978 5480
2 5210 5774
2 6678 9498
2 7636 8144
2 9282 2532
2 9977 6998
2 312 3816
2 605 6174
2 652 4876
2 901 8473
2 1610 4260
2 2172 6592
2 2427 428
2 3058 8758
2 3144 9554
2 3227 8968
2 3474 4732
2 3620 1984
2 4103 468
2 4237 1307
2 4535 2673
2 5265 1625
2 5840 7408
2 5853 5120
2 5979 4768
2 6234 2310
2 7033 7098
2 7093 4285
2 7165 7030
2 7243 9362
2 7264 5304
2 7276 5900
2 7393 9931
2 7547 1350
2 7736 3690
2 8613 3044
2 8879 3476
2 9327 2520
2 9963 9044
2 194 4699
2 987 4972
2 2330 6539
2 2425 7848
2 3636 6284
2 4372 121
2 4860 27
2 5350 5906
2 5508 1485
2 6077 596
2 6675 8220
2 6901 9823
2 7097 319
2 7172 2771
2 7793 6141
2 8507 4899
2 8570 3879
2 8770 2153
2 8778 8508
2 9011 2420
2 9775 9521
2 9787 2206
2 118 8761
2 192 7077
2 209 5557
2 303 4830
2 1142 5377
2 2170 5279
2 2556 5938
2 2769 4019
2 3082 3035
2 3530 3534
2 3984 2154
2 4890 5693
2 6853 3611
2 7059 9548
2 7427 8117
2 7639 1275
2 7789 9240
2 9415 4952
2 9749 999
2 478 6441
2 729 1177
2 1614 8961
2 1831 4174
2 3189 8816
2 5107 8561
2 7086 9592
2 7561 7890
2 7856 7187
2 7883 3307
2 7942 8109
2 8038 1290
2 8114 6343
2 8224 5747
2 8361 9336
2 8405 9059
2 8417 2657
2 8975 4258
2 9264 8232
2 9421 7688
2 9571 6308
2 230 4845
2 274 1149
2 908 7483
2 1695 972
2 1972 9101
2 2512 3268
2 2812 2537
2 2974 3154
2 3493 3685
2 3716 6617
2 3717 5023
2 4523 6163
2 4724 7533
2 5696 9851
2 5993 6156
2 6902 5907
2 7590 5338
2 8135 4333
2 8244 4752
2 8272 3719
2 9556 7550
2 781 6412
2 1496 4305
2 2039 9910
2 2098 3635
2 4470 6491
2 5504 6021
2 6177 1749
2 6559 2357
2 6682 5342
2 6937 2645
2 7045 1932
2 7847 5973
2 8002 1804
2 8009 2656
2 8075 6848
2 8462 1964
2 8530 1283
2 9031 2104
2 9793 7017
2 61 1190
2 311 4252
2 507 1580
2 833 5419
2 1226 4588
2 1937 5010
2 2110 837
2 2272 9319
2 2827 2709
2 4063 7292
2 4098 626
2 5533 1171
2 5617 2603
2 5727 8555
2 5870 7367
2 6428 9736
2 6545 8855
2 6607 341
2 8011 1873
2 8045 7711
2 8110 5386
2 8542 2733
2 8698 4913
2 8797 6519
2 8880 412
2 9126 7882
2 81 38
2 866 7564
2 1006 9117
2 1326 4976
2 1501 6788
2 1513 3133
2 1753 4911
2 2231 7139
2 2298 659
2 2447 6257
2 3023 1002
2 3053 2252
2 3108 3803
2 4297 1191
2 4427 5113
2 4440 1703
2 4966 8441
2 4980 5632
2 5260 422
2 5382 5472
2 6026 5535
2 7068 8118
2 7248 4641
2 7337 4009
2 7404 2758
2 8159 533
2 8494 9821
2 8556 9861
2 8635 5949
2 9301 9914
2 9357 9698
2 9457 6075
2 406 7682
2 538 2583
2 903 6516
2 959 5527
2 1166 3990
2 1622 921
2 1789 6222
2 3469 7022
2 3993 3169
2 4262 2279
2 5008 7929
2 6293 5697
2 6551 6031
2 7138 5910
2 7830 4923
2 7833 6850
2 8190 3602
2 8850 7217
2 8924 8275
2 9007 9972
2 9296 3623
2 9932 9577
2 182 2431
2 1762 6199
2 2393 3492
2 3266 1824
2 3361 2280
2 4591 5589
2 5585 7142
2 6098 3994
2 6237 9638
2 7067 106
2 7453 224
2 8592 9057
2 603 4457
2 658 4263
2 668 986
2 2138 3041
2 3286 9815
2 3416 8359
2 3854 8001
2 3963 6923
2 4060 5828
2 4283 1878
2 4793 9284
2 4843 4165
2 4851 2664
2 4893 8203
2 5281 1316
2 5926 7986
2 6393 938
2 6533 3759
2 6859 1613
2 7102 9204
2 7129 2546
2 7523 452
2 9042 9171
2 25 698
2 275 6919
2 1612 4525
2 1770 5014
2 2026 379
2 2385 9370
2 2899 1725
2 2928 9411
2 2961 273
2 3382 582
2 3591 7000
2 3810 2821
2 4236 1401
2 5430 5851
2 5640 6631
2 6040 6185
2 6454 627
2 6961 1216
2 7071 7658
2 7574 6485
2 7985 8988
2 8085 4438
2 8541 3220
2 9311 8540
2 54 3669
2 238 1775
2 526 5150
2 886 5816
2 1302 5635
2 2662 3321
2 3454 6772
2 3523 9150
2 3619 5766